image: map.pgm
resolution: 0.002600
origin: [-0.6240000, -0.6240000, 0.000000]
negate: 0
occupied_thresh: 0.65
free_thresh: 0.196

